<!DOCTYPE html>
<html>
<head>
    <title>Content-Personality Analysis: Content-Trait Nexus</title>
    <script src="https://cdn.plot.ly/plotly-latest.min.js"></script>
    <style>
        body {
            font-family: 'Segoe UI', Tahoma, Geneva, Verdana, sans-serif;
            margin: 0;
            padding: 20px;
            background-color: #f8f9fa;
        }
        .header {
            text-align: center;
            background: linear-gradient(135deg, #2E86AB, #A23B72);
            color: white;
            padding: 30px;
            margin: -20px -20px 20px -20px;
            border-radius: 0 0 15px 15px;
        }
        .chart-container {
            background: white;
            margin: 20px 0;
            padding: 20px;
            border-radius: 10px;
            box-shadow: 0 2px 10px rgba(0,0,0,0.1);
        }
        .insights {
            background: linear-gradient(135deg, #f8f9fa, #e9ecef);
            padding: 20px;
            margin: 20px 0;
            border-radius: 10px;
            border-left: 5px solid #2E86AB;
        }
        .metric {
            display: inline-block;
            margin: 10px;
            padding: 15px;
            background: white;
            border-radius: 8px;
            box-shadow: 0 2px 5px rgba(0,0,0,0.1);
            text-align: center;
        }
        .score {
            font-size: 24px;
            font-weight: bold;
            color: #2E86AB;
        }
        .grid-2 {
            display: grid;
            grid-template-columns: 1fr 1fr;
            gap: 20px;
        }
        .highlight {
            background: #e3f2fd;
            border: 1px solid #2196f3;
            color: #1565c0;
            padding: 15px;
            border-radius: 8px;
            margin: 10px 0;
        }
    </style>
</head>
<body>
    <div class="header">
        <h1>Content-Trait Nexus Analysis</h1>
        <h2>The Intersection of Content & Personality</h2>
        <p>Analysis of how personality traits manifest across different content topics</p>
    </div>
    
    <div class="insights">
        <h3>Key Nexus Insights</h3>
        <div class="metric">
            <div class="score">Content Marketing</div>
            <div>Highest Authority Topic</div>
            <small>Score: 5.00/5</small>
        </div>
        <div class="metric">
            <div class="score">Ai Tools & Workflows</div>
            <div>Most Frequent Topic</div>
            <small>317 posts</small>
        </div>
        <div class="metric">
            <div class="score">Content Ideation</div>
            <div>Highest Engagement Topic</div>
            <small>3432.7% rate</small>
        </div>
        <div class="metric">
            <div class="score">Leadership & Culture & Short-Form Video</div>
            <div>Most Complementary Pair</div>
            <small>Complementarity: 0.08</small>
        </div>
    </div>
    
    <div class="highlight">
        <strong>Strategic Insight:</strong> 
        The topic "Content Marketing" shows the highest authority score (5.00), 
        indicating strong strategic thinking, reliability, and integrity in this content area.
    </div>
    
    <div class="chart-container">
        <div id="bubble-chart"></div>
    </div>
    
    <div class="grid-2">
        <div class="chart-container">
            <div id="authority-chart"></div>
        </div>
        <div class="chart-container">
            <div id="complementarity-chart"></div>
        </div>
    </div>
    
    <div class="chart-container">
        <div id="heatmap-chart"></div>
    </div>
    
    <script>
        Plotly.newPlot('bubble-chart', {"data":[{"hovertemplate":"\u003cb\u003e%{text}\u003c\u002fb\u003e\u003cbr\u003eStrategic Thinking: %{x:.2f}\u003cbr\u003eIntegrity Trust: %{y:.2f}\u003cbr\u003ePosts: %{marker.size}\u003cbr\u003eAuthority Score: %{marker.color:.2f}\u003cbr\u003e\u003cextra\u003e\u003c\u002fextra\u003e","marker":{"color":[4.271875,4.076025236593059,4.8500000000000005,4.014285714285714,3.8625,4.417307692307692,4.0452755905511815,4.2295454545454545,4.2383233532934135,4.75,4.416666666666667,3.678571428571429,4.350915750915751,4.176923076923077],"colorbar":{"title":{"text":"Authority Score"}},"colorscale":[[0.0,"#440154"],[0.1111111111111111,"#482878"],[0.2222222222222222,"#3e4989"],[0.3333333333333333,"#31688e"],[0.4444444444444444,"#26828e"],[0.5555555555555556,"#1f9e89"],[0.6666666666666666,"#35b779"],[0.7777777777777778,"#6ece58"],[0.8888888888888888,"#b5de2b"],[1.0,"#fde725"]],"line":{"color":"white","width":2},"opacity":0.8,"showscale":true,"size":[576,951,18,21,96,390,381,330,501,12,9,21,819,39]},"mode":"markers+text","name":"Topics","text":["Productivity & Learning","Ai Tools & Workflows","Content Creation","Leadership & Culture","Ai Technical Deep Dive","Growth Marketing","Prompt Engineering","Saas Product Strategy","Personal Branding","Content Ideation","Saas Engineering & Integr.","Entrepreneurship & Funding","Linkedin Growth Strategy","Linkedin Automation"],"textfont":{"color":"white","size":10},"textposition":"middle center","x":[4.296875,4.198738170347003,4.833333333333333,3.7142857142857144,4.0,4.653846153846154,4.102362204724409,4.463636363636364,4.251497005988024,5.0,4.666666666666667,3.5714285714285716,4.527472527472527,4.230769230769231],"y":[3.8177083333333335,3.526813880126183,4.666666666666667,4.714285714285714,3.40625,3.8692307692307693,3.543307086614173,3.590909090909091,4.005988023952096,4.0,3.6666666666666665,4.0,3.8058608058608057,3.6923076923076925],"type":"scatter"}],"layout":{"template":{"data":{"histogram2dcontour":[{"type":"histogram2dcontour","colorbar":{"outlinewidth":0,"ticks":""},"colorscale":[[0.0,"#0d0887"],[0.1111111111111111,"#46039f"],[0.2222222222222222,"#7201a8"],[0.3333333333333333,"#9c179e"],[0.4444444444444444,"#bd3786"],[0.5555555555555556,"#d8576b"],[0.6666666666666666,"#ed7953"],[0.7777777777777778,"#fb9f3a"],[0.8888888888888888,"#fdca26"],[1.0,"#f0f921"]]}],"choropleth":[{"type":"choropleth","colorbar":{"outlinewidth":0,"ticks":""}}],"histogram2d":[{"type":"histogram2d","colorbar":{"outlinewidth":0,"ticks":""},"colorscale":[[0.0,"#0d0887"],[0.1111111111111111,"#46039f"],[0.2222222222222222,"#7201a8"],[0.3333333333333333,"#9c179e"],[0.4444444444444444,"#bd3786"],[0.5555555555555556,"#d8576b"],[0.6666666666666666,"#ed7953"],[0.7777777777777778,"#fb9f3a"],[0.8888888888888888,"#fdca26"],[1.0,"#f0f921"]]}],"heatmap":[{"type":"heatmap","colorbar":{"outlinewidth":0,"ticks":""},"colorscale":[[0.0,"#0d0887"],[0.1111111111111111,"#46039f"],[0.2222222222222222,"#7201a8"],[0.3333333333333333,"#9c179e"],[0.4444444444444444,"#bd3786"],[0.5555555555555556,"#d8576b"],[0.6666666666666666,"#ed7953"],[0.7777777777777778,"#fb9f3a"],[0.8888888888888888,"#fdca26"],[1.0,"#f0f921"]]}],"heatmapgl":[{"type":"heatmapgl","colorbar":{"outlinewidth":0,"ticks":""},"colorscale":[[0.0,"#0d0887"],[0.1111111111111111,"#46039f"],[0.2222222222222222,"#7201a8"],[0.3333333333333333,"#9c179e"],[0.4444444444444444,"#bd3786"],[0.5555555555555556,"#d8576b"],[0.6666666666666666,"#ed7953"],[0.7777777777777778,"#fb9f3a"],[0.8888888888888888,"#fdca26"],[1.0,"#f0f921"]]}],"contourcarpet":[{"type":"contourcarpet","colorbar":{"outlinewidth":0,"ticks":""}}],"contour":[{"type":"contour","colorbar":{"outlinewidth":0,"ticks":""},"colorscale":[[0.0,"#0d0887"],[0.1111111111111111,"#46039f"],[0.2222222222222222,"#7201a8"],[0.3333333333333333,"#9c179e"],[0.4444444444444444,"#bd3786"],[0.5555555555555556,"#d8576b"],[0.6666666666666666,"#ed7953"],[0.7777777777777778,"#fb9f3a"],[0.8888888888888888,"#fdca26"],[1.0,"#f0f921"]]}],"surface":[{"type":"surface","colorbar":{"outlinewidth":0,"ticks":""},"colorscale":[[0.0,"#0d0887"],[0.1111111111111111,"#46039f"],[0.2222222222222222,"#7201a8"],[0.3333333333333333,"#9c179e"],[0.4444444444444444,"#bd3786"],[0.5555555555555556,"#d8576b"],[0.6666666666666666,"#ed7953"],[0.7777777777777778,"#fb9f3a"],[0.8888888888888888,"#fdca26"],[1.0,"#f0f921"]]}],"mesh3d":[{"type":"mesh3d","colorbar":{"outlinewidth":0,"ticks":""}}],"scatter":[{"fillpattern":{"fillmode":"overlay","size":10,"solidity":0.2},"type":"scatter"}],"parcoords":[{"type":"parcoords","line":{"colorbar":{"outlinewidth":0,"ticks":""}}}],"scatterpolargl":[{"type":"scatterpolargl","marker":{"colorbar":{"outlinewidth":0,"ticks":""}}}],"bar":[{"error_x":{"color":"#2a3f5f"},"error_y":{"color":"#2a3f5f"},"marker":{"line":{"color":"#E5ECF6","width":0.5},"pattern":{"fillmode":"overlay","size":10,"solidity":0.2}},"type":"bar"}],"scattergeo":[{"type":"scattergeo","marker":{"colorbar":{"outlinewidth":0,"ticks":""}}}],"scatterpolar":[{"type":"scatterpolar","marker":{"colorbar":{"outlinewidth":0,"ticks":""}}}],"histogram":[{"marker":{"pattern":{"fillmode":"overlay","size":10,"solidity":0.2}},"type":"histogram"}],"scattergl":[{"type":"scattergl","marker":{"colorbar":{"outlinewidth":0,"ticks":""}}}],"scatter3d":[{"type":"scatter3d","line":{"colorbar":{"outlinewidth":0,"ticks":""}},"marker":{"colorbar":{"outlinewidth":0,"ticks":""}}}],"scattermapbox":[{"type":"scattermapbox","marker":{"colorbar":{"outlinewidth":0,"ticks":""}}}],"scatterternary":[{"type":"scatterternary","marker":{"colorbar":{"outlinewidth":0,"ticks":""}}}],"scattercarpet":[{"type":"scattercarpet","marker":{"colorbar":{"outlinewidth":0,"ticks":""}}}],"carpet":[{"aaxis":{"endlinecolor":"#2a3f5f","gridcolor":"white","linecolor":"white","minorgridcolor":"white","startlinecolor":"#2a3f5f"},"baxis":{"endlinecolor":"#2a3f5f","gridcolor":"white","linecolor":"white","minorgridcolor":"white","startlinecolor":"#2a3f5f"},"type":"carpet"}],"table":[{"cells":{"fill":{"color":"#EBF0F8"},"line":{"color":"white"}},"header":{"fill":{"color":"#C8D4E3"},"line":{"color":"white"}},"type":"table"}],"barpolar":[{"marker":{"line":{"color":"#E5ECF6","width":0.5},"pattern":{"fillmode":"overlay","size":10,"solidity":0.2}},"type":"barpolar"}],"pie":[{"automargin":true,"type":"pie"}]},"layout":{"autotypenumbers":"strict","colorway":["#636efa","#EF553B","#00cc96","#ab63fa","#FFA15A","#19d3f3","#FF6692","#B6E880","#FF97FF","#FECB52"],"font":{"color":"#2a3f5f"},"hovermode":"closest","hoverlabel":{"align":"left"},"paper_bgcolor":"white","plot_bgcolor":"#E5ECF6","polar":{"bgcolor":"#E5ECF6","angularaxis":{"gridcolor":"white","linecolor":"white","ticks":""},"radialaxis":{"gridcolor":"white","linecolor":"white","ticks":""}},"ternary":{"bgcolor":"#E5ECF6","aaxis":{"gridcolor":"white","linecolor":"white","ticks":""},"baxis":{"gridcolor":"white","linecolor":"white","ticks":""},"caxis":{"gridcolor":"white","linecolor":"white","ticks":""}},"coloraxis":{"colorbar":{"outlinewidth":0,"ticks":""}},"colorscale":{"sequential":[[0.0,"#0d0887"],[0.1111111111111111,"#46039f"],[0.2222222222222222,"#7201a8"],[0.3333333333333333,"#9c179e"],[0.4444444444444444,"#bd3786"],[0.5555555555555556,"#d8576b"],[0.6666666666666666,"#ed7953"],[0.7777777777777778,"#fb9f3a"],[0.8888888888888888,"#fdca26"],[1.0,"#f0f921"]],"sequentialminus":[[0.0,"#0d0887"],[0.1111111111111111,"#46039f"],[0.2222222222222222,"#7201a8"],[0.3333333333333333,"#9c179e"],[0.4444444444444444,"#bd3786"],[0.5555555555555556,"#d8576b"],[0.6666666666666666,"#ed7953"],[0.7777777777777778,"#fb9f3a"],[0.8888888888888888,"#fdca26"],[1.0,"#f0f921"]],"diverging":[[0,"#8e0152"],[0.1,"#c51b7d"],[0.2,"#de77ae"],[0.3,"#f1b6da"],[0.4,"#fde0ef"],[0.5,"#f7f7f7"],[0.6,"#e6f5d0"],[0.7,"#b8e186"],[0.8,"#7fbc41"],[0.9,"#4d9221"],[1,"#276419"]]},"xaxis":{"gridcolor":"white","linecolor":"white","ticks":"","title":{"standoff":15},"zerolinecolor":"white","automargin":true,"zerolinewidth":2},"yaxis":{"gridcolor":"white","linecolor":"white","ticks":"","title":{"standoff":15},"zerolinecolor":"white","automargin":true,"zerolinewidth":2},"scene":{"xaxis":{"backgroundcolor":"#E5ECF6","gridcolor":"white","linecolor":"white","showbackground":true,"ticks":"","zerolinecolor":"white","gridwidth":2},"yaxis":{"backgroundcolor":"#E5ECF6","gridcolor":"white","linecolor":"white","showbackground":true,"ticks":"","zerolinecolor":"white","gridwidth":2},"zaxis":{"backgroundcolor":"#E5ECF6","gridcolor":"white","linecolor":"white","showbackground":true,"ticks":"","zerolinecolor":"white","gridwidth":2}},"shapedefaults":{"line":{"color":"#2a3f5f"}},"annotationdefaults":{"arrowcolor":"#2a3f5f","arrowhead":0,"arrowwidth":1},"geo":{"bgcolor":"white","landcolor":"#E5ECF6","subunitcolor":"white","showland":true,"showlakes":true,"lakecolor":"white"},"title":{"x":0.05},"mapbox":{"style":"light"}}},"title":{"text":"Content-Trait Nexus: Topic Authority Landscape","x":0.5,"font":{"size":20}},"margin":{"t":80,"b":50,"l":50,"r":50},"xaxis":{"title":{"text":"Strategic Thinking Score"}},"yaxis":{"title":{"text":"Integrity Trust Score"}},"width":800,"height":600,"plot_bgcolor":"rgba(240,240,240,0.8)"}});
        Plotly.newPlot('authority-chart', {"data":[{"marker":{"color":"#2E86AB"},"name":"Authority Score","orientation":"h","text":["5.00","4.85","4.75","4.42","4.42","4.35","4.27","4.24","4.23","4.18"],"textposition":"outside","x":[5.0,4.8500000000000005,4.75,4.417307692307692,4.416666666666667,4.350915750915751,4.271875,4.2383233532934135,4.2295454545454545,4.176923076923077],"y":["Content Marketing","Content Creation","Content Ideation","Growth Marketing","Saas Engineering & Integr.","Linkedin Growth Strategy","Productivity & Learning","Personal Branding","Saas Product Strategy","Linkedin Automation"],"type":"bar"}],"layout":{"template":{"data":{"histogram2dcontour":[{"type":"histogram2dcontour","colorbar":{"outlinewidth":0,"ticks":""},"colorscale":[[0.0,"#0d0887"],[0.1111111111111111,"#46039f"],[0.2222222222222222,"#7201a8"],[0.3333333333333333,"#9c179e"],[0.4444444444444444,"#bd3786"],[0.5555555555555556,"#d8576b"],[0.6666666666666666,"#ed7953"],[0.7777777777777778,"#fb9f3a"],[0.8888888888888888,"#fdca26"],[1.0,"#f0f921"]]}],"choropleth":[{"type":"choropleth","colorbar":{"outlinewidth":0,"ticks":""}}],"histogram2d":[{"type":"histogram2d","colorbar":{"outlinewidth":0,"ticks":""},"colorscale":[[0.0,"#0d0887"],[0.1111111111111111,"#46039f"],[0.2222222222222222,"#7201a8"],[0.3333333333333333,"#9c179e"],[0.4444444444444444,"#bd3786"],[0.5555555555555556,"#d8576b"],[0.6666666666666666,"#ed7953"],[0.7777777777777778,"#fb9f3a"],[0.8888888888888888,"#fdca26"],[1.0,"#f0f921"]]}],"heatmap":[{"type":"heatmap","colorbar":{"outlinewidth":0,"ticks":""},"colorscale":[[0.0,"#0d0887"],[0.1111111111111111,"#46039f"],[0.2222222222222222,"#7201a8"],[0.3333333333333333,"#9c179e"],[0.4444444444444444,"#bd3786"],[0.5555555555555556,"#d8576b"],[0.6666666666666666,"#ed7953"],[0.7777777777777778,"#fb9f3a"],[0.8888888888888888,"#fdca26"],[1.0,"#f0f921"]]}],"heatmapgl":[{"type":"heatmapgl","colorbar":{"outlinewidth":0,"ticks":""},"colorscale":[[0.0,"#0d0887"],[0.1111111111111111,"#46039f"],[0.2222222222222222,"#7201a8"],[0.3333333333333333,"#9c179e"],[0.4444444444444444,"#bd3786"],[0.5555555555555556,"#d8576b"],[0.6666666666666666,"#ed7953"],[0.7777777777777778,"#fb9f3a"],[0.8888888888888888,"#fdca26"],[1.0,"#f0f921"]]}],"contourcarpet":[{"type":"contourcarpet","colorbar":{"outlinewidth":0,"ticks":""}}],"contour":[{"type":"contour","colorbar":{"outlinewidth":0,"ticks":""},"colorscale":[[0.0,"#0d0887"],[0.1111111111111111,"#46039f"],[0.2222222222222222,"#7201a8"],[0.3333333333333333,"#9c179e"],[0.4444444444444444,"#bd3786"],[0.5555555555555556,"#d8576b"],[0.6666666666666666,"#ed7953"],[0.7777777777777778,"#fb9f3a"],[0.8888888888888888,"#fdca26"],[1.0,"#f0f921"]]}],"surface":[{"type":"surface","colorbar":{"outlinewidth":0,"ticks":""},"colorscale":[[0.0,"#0d0887"],[0.1111111111111111,"#46039f"],[0.2222222222222222,"#7201a8"],[0.3333333333333333,"#9c179e"],[0.4444444444444444,"#bd3786"],[0.5555555555555556,"#d8576b"],[0.6666666666666666,"#ed7953"],[0.7777777777777778,"#fb9f3a"],[0.8888888888888888,"#fdca26"],[1.0,"#f0f921"]]}],"mesh3d":[{"type":"mesh3d","colorbar":{"outlinewidth":0,"ticks":""}}],"scatter":[{"fillpattern":{"fillmode":"overlay","size":10,"solidity":0.2},"type":"scatter"}],"parcoords":[{"type":"parcoords","line":{"colorbar":{"outlinewidth":0,"ticks":""}}}],"scatterpolargl":[{"type":"scatterpolargl","marker":{"colorbar":{"outlinewidth":0,"ticks":""}}}],"bar":[{"error_x":{"color":"#2a3f5f"},"error_y":{"color":"#2a3f5f"},"marker":{"line":{"color":"#E5ECF6","width":0.5},"pattern":{"fillmode":"overlay","size":10,"solidity":0.2}},"type":"bar"}],"scattergeo":[{"type":"scattergeo","marker":{"colorbar":{"outlinewidth":0,"ticks":""}}}],"scatterpolar":[{"type":"scatterpolar","marker":{"colorbar":{"outlinewidth":0,"ticks":""}}}],"histogram":[{"marker":{"pattern":{"fillmode":"overlay","size":10,"solidity":0.2}},"type":"histogram"}],"scattergl":[{"type":"scattergl","marker":{"colorbar":{"outlinewidth":0,"ticks":""}}}],"scatter3d":[{"type":"scatter3d","line":{"colorbar":{"outlinewidth":0,"ticks":""}},"marker":{"colorbar":{"outlinewidth":0,"ticks":""}}}],"scattermapbox":[{"type":"scattermapbox","marker":{"colorbar":{"outlinewidth":0,"ticks":""}}}],"scatterternary":[{"type":"scatterternary","marker":{"colorbar":{"outlinewidth":0,"ticks":""}}}],"scattercarpet":[{"type":"scattercarpet","marker":{"colorbar":{"outlinewidth":0,"ticks":""}}}],"carpet":[{"aaxis":{"endlinecolor":"#2a3f5f","gridcolor":"white","linecolor":"white","minorgridcolor":"white","startlinecolor":"#2a3f5f"},"baxis":{"endlinecolor":"#2a3f5f","gridcolor":"white","linecolor":"white","minorgridcolor":"white","startlinecolor":"#2a3f5f"},"type":"carpet"}],"table":[{"cells":{"fill":{"color":"#EBF0F8"},"line":{"color":"white"}},"header":{"fill":{"color":"#C8D4E3"},"line":{"color":"white"}},"type":"table"}],"barpolar":[{"marker":{"line":{"color":"#E5ECF6","width":0.5},"pattern":{"fillmode":"overlay","size":10,"solidity":0.2}},"type":"barpolar"}],"pie":[{"automargin":true,"type":"pie"}]},"layout":{"autotypenumbers":"strict","colorway":["#636efa","#EF553B","#00cc96","#ab63fa","#FFA15A","#19d3f3","#FF6692","#B6E880","#FF97FF","#FECB52"],"font":{"color":"#2a3f5f"},"hovermode":"closest","hoverlabel":{"align":"left"},"paper_bgcolor":"white","plot_bgcolor":"#E5ECF6","polar":{"bgcolor":"#E5ECF6","angularaxis":{"gridcolor":"white","linecolor":"white","ticks":""},"radialaxis":{"gridcolor":"white","linecolor":"white","ticks":""}},"ternary":{"bgcolor":"#E5ECF6","aaxis":{"gridcolor":"white","linecolor":"white","ticks":""},"baxis":{"gridcolor":"white","linecolor":"white","ticks":""},"caxis":{"gridcolor":"white","linecolor":"white","ticks":""}},"coloraxis":{"colorbar":{"outlinewidth":0,"ticks":""}},"colorscale":{"sequential":[[0.0,"#0d0887"],[0.1111111111111111,"#46039f"],[0.2222222222222222,"#7201a8"],[0.3333333333333333,"#9c179e"],[0.4444444444444444,"#bd3786"],[0.5555555555555556,"#d8576b"],[0.6666666666666666,"#ed7953"],[0.7777777777777778,"#fb9f3a"],[0.8888888888888888,"#fdca26"],[1.0,"#f0f921"]],"sequentialminus":[[0.0,"#0d0887"],[0.1111111111111111,"#46039f"],[0.2222222222222222,"#7201a8"],[0.3333333333333333,"#9c179e"],[0.4444444444444444,"#bd3786"],[0.5555555555555556,"#d8576b"],[0.6666666666666666,"#ed7953"],[0.7777777777777778,"#fb9f3a"],[0.8888888888888888,"#fdca26"],[1.0,"#f0f921"]],"diverging":[[0,"#8e0152"],[0.1,"#c51b7d"],[0.2,"#de77ae"],[0.3,"#f1b6da"],[0.4,"#fde0ef"],[0.5,"#f7f7f7"],[0.6,"#e6f5d0"],[0.7,"#b8e186"],[0.8,"#7fbc41"],[0.9,"#4d9221"],[1,"#276419"]]},"xaxis":{"gridcolor":"white","linecolor":"white","ticks":"","title":{"standoff":15},"zerolinecolor":"white","automargin":true,"zerolinewidth":2},"yaxis":{"gridcolor":"white","linecolor":"white","ticks":"","title":{"standoff":15},"zerolinecolor":"white","automargin":true,"zerolinewidth":2},"scene":{"xaxis":{"backgroundcolor":"#E5ECF6","gridcolor":"white","linecolor":"white","showbackground":true,"ticks":"","zerolinecolor":"white","gridwidth":2},"yaxis":{"backgroundcolor":"#E5ECF6","gridcolor":"white","linecolor":"white","showbackground":true,"ticks":"","zerolinecolor":"white","gridwidth":2},"zaxis":{"backgroundcolor":"#E5ECF6","gridcolor":"white","linecolor":"white","showbackground":true,"ticks":"","zerolinecolor":"white","gridwidth":2}},"shapedefaults":{"line":{"color":"#2a3f5f"}},"annotationdefaults":{"arrowcolor":"#2a3f5f","arrowhead":0,"arrowwidth":1},"geo":{"bgcolor":"white","landcolor":"#E5ECF6","subunitcolor":"white","showland":true,"showlakes":true,"lakecolor":"white"},"title":{"x":0.05},"mapbox":{"style":"light"}}},"title":{"text":"Topic Authority Ranking","x":0.5,"font":{"size":20}},"margin":{"t":80,"b":50,"l":200,"r":100},"xaxis":{"title":{"text":"Authority Score (Strategic + Reliability + Integrity)"}},"yaxis":{"title":{"text":"Content Topics"}},"width":800,"height":600}});
        Plotly.newPlot('complementarity-chart', {"data":[{"colorbar":{"title":{"text":"Complementarity Score"}},"colorscale":[[0.0,"#440154"],[0.1111111111111111,"#482878"],[0.2222222222222222,"#3e4989"],[0.3333333333333333,"#31688e"],[0.4444444444444444,"#26828e"],[0.5555555555555556,"#1f9e89"],[0.6666666666666666,"#35b779"],[0.7777777777777778,"#6ece58"],[0.8888888888888888,"#b5de2b"],[1.0,"#fde725"]],"hoverongaps":false,"text":[[0.0,0.0,0.0,0.02,0.01,0.0,0.0,0.0,0.0,0.01,0.01,0.02,0.0,0.04,0.0,0.01],[0.0,0.0,0.01,0.02,0.0,0.0,0.0,0.0,0.0,0.0,0.01,0.02,0.0,0.03,0.0,0.01],[0.0,0.01,0.0,0.01,0.02,0.0,0.01,0.01,0.0,0.01,0.02,0.02,0.0,0.05,0.01,0.0],[0.02,0.02,0.01,0.0,0.03,0.02,0.02,0.02,0.01,0.03,0.05,0.01,0.02,0.08,0.02,0.01],[0.01,0.0,0.02,0.03,0.0,0.01,0.0,0.0,0.01,0.0,0.0,0.02,0.01,0.03,0.01,0.03],[0.0,0.0,0.0,0.02,0.01,0.0,0.0,0.0,0.0,0.0,0.01,0.02,0.0,0.04,0.0,0.01],[0.0,0.0,0.01,0.02,0.0,0.0,0.0,0.0,0.0,0.0,0.01,0.02,0.0,0.03,0.0,0.01],[0.0,0.0,0.01,0.02,0.0,0.0,0.0,0.0,0.0,0.0,0.01,0.02,0.0,0.03,0.0,0.01],[0.0,0.0,0.0,0.01,0.01,0.0,0.0,0.0,0.0,0.01,0.02,0.01,0.0,0.04,0.0,0.01],[0.01,0.0,0.01,0.03,0.0,0.0,0.0,0.0,0.01,0.0,0.01,0.02,0.0,0.02,0.01,0.02],[0.01,0.01,0.02,0.05,0.0,0.01,0.01,0.01,0.02,0.01,0.0,0.03,0.01,0.02,0.02,0.03],[0.02,0.02,0.02,0.01,0.02,0.02,0.02,0.02,0.01,0.02,0.03,0.0,0.02,0.04,0.02,0.02],[0.0,0.0,0.0,0.02,0.01,0.0,0.0,0.0,0.0,0.0,0.01,0.02,0.0,0.03,0.0,0.01],[0.04,0.03,0.05,0.08,0.03,0.04,0.03,0.03,0.04,0.02,0.02,0.04,0.03,0.0,0.04,0.06],[0.0,0.0,0.01,0.02,0.01,0.0,0.0,0.0,0.0,0.01,0.02,0.02,0.0,0.04,0.0,0.01],[0.01,0.01,0.0,0.01,0.03,0.01,0.01,0.01,0.01,0.02,0.03,0.02,0.01,0.06,0.01,0.0]],"textfont":{"size":10},"texttemplate":"%{text}","x":["Productivity & Learning","Ai Tools & Workflows","Content Creation","Leadership & Culture","Ai Technical Deep Dive","Growth Marketing","Prompt Engineering","Saas Product Strategy","Personal Branding","Content Ideation","Saas Engineering & Integr.","Entrepreneurship & Funding","Linkedin Growth Strategy","Short-Form Video","Linkedin Automation","Content Marketing"],"y":["Productivity & Learning","Ai Tools & Workflows","Content Creation","Leadership & Culture","Ai Technical Deep Dive","Growth Marketing","Prompt Engineering","Saas Product Strategy","Personal Branding","Content Ideation","Saas Engineering & Integr.","Entrepreneurship & Funding","Linkedin Growth Strategy","Short-Form Video","Linkedin Automation","Content Marketing"],"z":[[0.0,0.0011829803579427312,0.0035881799847998774,0.0157442859593816,0.008387318851240333,0.000811452744820973,0.001655748195151574,0.0014890630936049698,0.0011067767458252664,0.005420043846305123,0.01348590015107154,0.017223692832552318,0.0009145638112346699,0.040299059125666004,0.0018990828429166218,0.007409748877396094],[0.0011829803579427312,0.0,0.007624228935274369,0.020944628319184977,0.004127653417262844,0.0016569303166472649,0.00028527593885974145,0.0005799903659121641,0.0026421328857354487,0.002698946271880054,0.008466099294369367,0.01563212583327489,0.0013197970164111616,0.030218651883933467,0.0028996988344888175,0.012945923736216947],[0.0035881799847998774,0.007624228935274369,0.0,0.010198880782300246,0.017955861535492668,0.0030633179255024068,0.009027087556701785,0.006057884448129158,0.002429199947835081,0.011045178110667075,0.02339494740540249,0.018968444026365883,0.003643789588229418,0.05298059359087404,0.005306083401770745,0.000958337712623214],[0.0157442859593816,0.020944628319184977,0.010198880782300246,0.0,0.034738548377006295,0.01666659077814381,0.022389053144560855,0.020229013077367908,0.009804611209910385,0.025866072709286092,0.046489025620143565,0.012093666458949937,0.017034013273901305,0.07690525756488942,0.020250455978954363,0.010440053697338025],[0.008387318851240333,0.004127653417262844,0.017955861535492668,0.034738548377006295,0.0,0.008299640512371642,0.003508462970909787,0.004976838792662308,0.011293748873202336,0.004452830253037554,0.002305006100956297,0.02392439604815977,0.00796525928732783,0.026119482087428647,0.01058645874130959,0.025037612520573904],[0.000811452744820973,0.0016569303166472649,0.0030633179255024068,0.01666659077814381,0.008299640512371642,0.0,0.0028057136189622023,0.0007662656987164063,0.0014096998789638882,0.003952543127500041,0.012870629967427716,0.0170068550004433,0.00019871782614899747,0.036290744099751304,0.001350058052710934,0.006123916040353228],[0.001655748195151574,0.00028527593885974145,0.009027087556701785,0.022389053144560855,0.003508462970909787,0.0028057136189622023,0.0,0.0014216460884597382,0.003697119052785691,0.0036401265430663354,0.007520382007264459,0.017196759211067114,0.002485986965568121,0.03244855369774957,0.004196697948931738,0.014889352395440092],[0.0014890630936049698,0.0005799903659121641,0.006057884448129158,0.020229013077367908,0.004976838792662308,0.0007662656987164063,0.0014216460884597382,0.0,0.0023834882087009346,0.0022042577122499685,0.008824310119491918,0.015221917257606576,0.0005635703088437971,0.029819241845215894,0.0023215075714639877,0.010428871851025923],[0.0011067767458252664,0.0026421328857354487,0.002429199947835081,0.009804611209910385,0.011293748873202336,0.0014096998789638882,0.003697119052785691,0.0023834882087009346,0.0,0.006130967402033005,0.01797681217325764,0.011073405216623144,0.0012788793969689127,0.041303969014981345,0.0031029346948948655,0.005527137964233542],[0.005420043846305123,0.002698946271880054,0.011045178110667075,0.025866072709286092,0.004452830253037554,0.003952543127500041,0.0036401265430663354,0.0022042577122499685,0.006130967402033005,0.0,0.008487235338265009,0.016210719553854225,0.003095142121371741,0.022732983680038066,0.005248294260893238,0.016715653225574223],[0.01348590015107154,0.008466099294369367,0.02339494740540249,0.046489025620143565,0.002305006100956297,0.012870629967427716,0.007520382007264459,0.008824310119491918,0.01797681217325764,0.008487235338265009,0.0,0.03304501977032859,0.012941340155704029,0.02424345418606544,0.016414944509791862,0.03093967865040581],[0.017223692832552318,0.01563212583327489,0.018968444026365883,0.012093666458949937,0.02392439604815977,0.0170068550004433,0.017196759211067114,0.015221917257606576,0.011073405216623144,0.016210719553854225,0.03304501977032859,0.0,0.015370187844032546,0.041250640940784455,0.02025442599650107,0.023239477698164368],[0.0009145638112346699,0.0013197970164111616,0.003643789588229418,0.017034013273901305,0.00796525928732783,0.00019871782614899747,0.002485986965568121,0.0005635703088437971,0.0012788793969689127,0.003095142121371741,0.012941340155704029,0.015370187844032546,0.0,0.0343406204305321,0.001093303317508898,0.007071341609439674],[0.040299059125666004,0.030218651883933467,0.05298059359087404,0.07690525756488942,0.026119482087428647,0.036290744099751304,0.03244855369774957,0.029819241845215894,0.041303969014981345,0.022732983680038066,0.02424345418606544,0.041250640940784455,0.0343406204305321,0.0,0.038867497109056015,0.0625782304263387],[0.0018990828429166218,0.0028996988344888175,0.005306083401770745,0.020250455978954363,0.01058645874130959,0.001350058052710934,0.004196697948931738,0.0023215075714639877,0.0031029346948948655,0.005248294260893238,0.016414944509791862,0.02025442599650107,0.001093303317508898,0.038867497109056015,0.0,0.008052259042936605],[0.007409748877396094,0.012945923736216947,0.000958337712623214,0.010440053697338025,0.025037612520573904,0.006123916040353228,0.014889352395440092,0.010428871851025923,0.005527137964233542,0.016715653225574223,0.03093967865040581,0.023239477698164368,0.007071341609439674,0.0625782304263387,0.008052259042936605,0.0]],"type":"heatmap"}],"layout":{"template":{"data":{"histogram2dcontour":[{"type":"histogram2dcontour","colorbar":{"outlinewidth":0,"ticks":""},"colorscale":[[0.0,"#0d0887"],[0.1111111111111111,"#46039f"],[0.2222222222222222,"#7201a8"],[0.3333333333333333,"#9c179e"],[0.4444444444444444,"#bd3786"],[0.5555555555555556,"#d8576b"],[0.6666666666666666,"#ed7953"],[0.7777777777777778,"#fb9f3a"],[0.8888888888888888,"#fdca26"],[1.0,"#f0f921"]]}],"choropleth":[{"type":"choropleth","colorbar":{"outlinewidth":0,"ticks":""}}],"histogram2d":[{"type":"histogram2d","colorbar":{"outlinewidth":0,"ticks":""},"colorscale":[[0.0,"#0d0887"],[0.1111111111111111,"#46039f"],[0.2222222222222222,"#7201a8"],[0.3333333333333333,"#9c179e"],[0.4444444444444444,"#bd3786"],[0.5555555555555556,"#d8576b"],[0.6666666666666666,"#ed7953"],[0.7777777777777778,"#fb9f3a"],[0.8888888888888888,"#fdca26"],[1.0,"#f0f921"]]}],"heatmap":[{"type":"heatmap","colorbar":{"outlinewidth":0,"ticks":""},"colorscale":[[0.0,"#0d0887"],[0.1111111111111111,"#46039f"],[0.2222222222222222,"#7201a8"],[0.3333333333333333,"#9c179e"],[0.4444444444444444,"#bd3786"],[0.5555555555555556,"#d8576b"],[0.6666666666666666,"#ed7953"],[0.7777777777777778,"#fb9f3a"],[0.8888888888888888,"#fdca26"],[1.0,"#f0f921"]]}],"heatmapgl":[{"type":"heatmapgl","colorbar":{"outlinewidth":0,"ticks":""},"colorscale":[[0.0,"#0d0887"],[0.1111111111111111,"#46039f"],[0.2222222222222222,"#7201a8"],[0.3333333333333333,"#9c179e"],[0.4444444444444444,"#bd3786"],[0.5555555555555556,"#d8576b"],[0.6666666666666666,"#ed7953"],[0.7777777777777778,"#fb9f3a"],[0.8888888888888888,"#fdca26"],[1.0,"#f0f921"]]}],"contourcarpet":[{"type":"contourcarpet","colorbar":{"outlinewidth":0,"ticks":""}}],"contour":[{"type":"contour","colorbar":{"outlinewidth":0,"ticks":""},"colorscale":[[0.0,"#0d0887"],[0.1111111111111111,"#46039f"],[0.2222222222222222,"#7201a8"],[0.3333333333333333,"#9c179e"],[0.4444444444444444,"#bd3786"],[0.5555555555555556,"#d8576b"],[0.6666666666666666,"#ed7953"],[0.7777777777777778,"#fb9f3a"],[0.8888888888888888,"#fdca26"],[1.0,"#f0f921"]]}],"surface":[{"type":"surface","colorbar":{"outlinewidth":0,"ticks":""},"colorscale":[[0.0,"#0d0887"],[0.1111111111111111,"#46039f"],[0.2222222222222222,"#7201a8"],[0.3333333333333333,"#9c179e"],[0.4444444444444444,"#bd3786"],[0.5555555555555556,"#d8576b"],[0.6666666666666666,"#ed7953"],[0.7777777777777778,"#fb9f3a"],[0.8888888888888888,"#fdca26"],[1.0,"#f0f921"]]}],"mesh3d":[{"type":"mesh3d","colorbar":{"outlinewidth":0,"ticks":""}}],"scatter":[{"fillpattern":{"fillmode":"overlay","size":10,"solidity":0.2},"type":"scatter"}],"parcoords":[{"type":"parcoords","line":{"colorbar":{"outlinewidth":0,"ticks":""}}}],"scatterpolargl":[{"type":"scatterpolargl","marker":{"colorbar":{"outlinewidth":0,"ticks":""}}}],"bar":[{"error_x":{"color":"#2a3f5f"},"error_y":{"color":"#2a3f5f"},"marker":{"line":{"color":"#E5ECF6","width":0.5},"pattern":{"fillmode":"overlay","size":10,"solidity":0.2}},"type":"bar"}],"scattergeo":[{"type":"scattergeo","marker":{"colorbar":{"outlinewidth":0,"ticks":""}}}],"scatterpolar":[{"type":"scatterpolar","marker":{"colorbar":{"outlinewidth":0,"ticks":""}}}],"histogram":[{"marker":{"pattern":{"fillmode":"overlay","size":10,"solidity":0.2}},"type":"histogram"}],"scattergl":[{"type":"scattergl","marker":{"colorbar":{"outlinewidth":0,"ticks":""}}}],"scatter3d":[{"type":"scatter3d","line":{"colorbar":{"outlinewidth":0,"ticks":""}},"marker":{"colorbar":{"outlinewidth":0,"ticks":""}}}],"scattermapbox":[{"type":"scattermapbox","marker":{"colorbar":{"outlinewidth":0,"ticks":""}}}],"scatterternary":[{"type":"scatterternary","marker":{"colorbar":{"outlinewidth":0,"ticks":""}}}],"scattercarpet":[{"type":"scattercarpet","marker":{"colorbar":{"outlinewidth":0,"ticks":""}}}],"carpet":[{"aaxis":{"endlinecolor":"#2a3f5f","gridcolor":"white","linecolor":"white","minorgridcolor":"white","startlinecolor":"#2a3f5f"},"baxis":{"endlinecolor":"#2a3f5f","gridcolor":"white","linecolor":"white","minorgridcolor":"white","startlinecolor":"#2a3f5f"},"type":"carpet"}],"table":[{"cells":{"fill":{"color":"#EBF0F8"},"line":{"color":"white"}},"header":{"fill":{"color":"#C8D4E3"},"line":{"color":"white"}},"type":"table"}],"barpolar":[{"marker":{"line":{"color":"#E5ECF6","width":0.5},"pattern":{"fillmode":"overlay","size":10,"solidity":0.2}},"type":"barpolar"}],"pie":[{"automargin":true,"type":"pie"}]},"layout":{"autotypenumbers":"strict","colorway":["#636efa","#EF553B","#00cc96","#ab63fa","#FFA15A","#19d3f3","#FF6692","#B6E880","#FF97FF","#FECB52"],"font":{"color":"#2a3f5f"},"hovermode":"closest","hoverlabel":{"align":"left"},"paper_bgcolor":"white","plot_bgcolor":"#E5ECF6","polar":{"bgcolor":"#E5ECF6","angularaxis":{"gridcolor":"white","linecolor":"white","ticks":""},"radialaxis":{"gridcolor":"white","linecolor":"white","ticks":""}},"ternary":{"bgcolor":"#E5ECF6","aaxis":{"gridcolor":"white","linecolor":"white","ticks":""},"baxis":{"gridcolor":"white","linecolor":"white","ticks":""},"caxis":{"gridcolor":"white","linecolor":"white","ticks":""}},"coloraxis":{"colorbar":{"outlinewidth":0,"ticks":""}},"colorscale":{"sequential":[[0.0,"#0d0887"],[0.1111111111111111,"#46039f"],[0.2222222222222222,"#7201a8"],[0.3333333333333333,"#9c179e"],[0.4444444444444444,"#bd3786"],[0.5555555555555556,"#d8576b"],[0.6666666666666666,"#ed7953"],[0.7777777777777778,"#fb9f3a"],[0.8888888888888888,"#fdca26"],[1.0,"#f0f921"]],"sequentialminus":[[0.0,"#0d0887"],[0.1111111111111111,"#46039f"],[0.2222222222222222,"#7201a8"],[0.3333333333333333,"#9c179e"],[0.4444444444444444,"#bd3786"],[0.5555555555555556,"#d8576b"],[0.6666666666666666,"#ed7953"],[0.7777777777777778,"#fb9f3a"],[0.8888888888888888,"#fdca26"],[1.0,"#f0f921"]],"diverging":[[0,"#8e0152"],[0.1,"#c51b7d"],[0.2,"#de77ae"],[0.3,"#f1b6da"],[0.4,"#fde0ef"],[0.5,"#f7f7f7"],[0.6,"#e6f5d0"],[0.7,"#b8e186"],[0.8,"#7fbc41"],[0.9,"#4d9221"],[1,"#276419"]]},"xaxis":{"gridcolor":"white","linecolor":"white","ticks":"","title":{"standoff":15},"zerolinecolor":"white","automargin":true,"zerolinewidth":2},"yaxis":{"gridcolor":"white","linecolor":"white","ticks":"","title":{"standoff":15},"zerolinecolor":"white","automargin":true,"zerolinewidth":2},"scene":{"xaxis":{"backgroundcolor":"#E5ECF6","gridcolor":"white","linecolor":"white","showbackground":true,"ticks":"","zerolinecolor":"white","gridwidth":2},"yaxis":{"backgroundcolor":"#E5ECF6","gridcolor":"white","linecolor":"white","showbackground":true,"ticks":"","zerolinecolor":"white","gridwidth":2},"zaxis":{"backgroundcolor":"#E5ECF6","gridcolor":"white","linecolor":"white","showbackground":true,"ticks":"","zerolinecolor":"white","gridwidth":2}},"shapedefaults":{"line":{"color":"#2a3f5f"}},"annotationdefaults":{"arrowcolor":"#2a3f5f","arrowhead":0,"arrowwidth":1},"geo":{"bgcolor":"white","landcolor":"#E5ECF6","subunitcolor":"white","showland":true,"showlakes":true,"lakecolor":"white"},"title":{"x":0.05},"mapbox":{"style":"light"}}},"title":{"text":"Skill Complementarity Matrix","x":0.5,"font":{"size":20}},"margin":{"t":80,"b":100,"l":150,"r":50},"width":800,"height":700}});
